  5.6492563e-001  7.6826621e-001  6.1684123e-001  8.1814587e-001
  4.2794796e-001  5.7316924e-001  4.3644078e-001  6.5128338e-001
  3.6201720e-001  4.7369370e-001  3.6007753e-001  5.5263178e-001
  3.2149422e-001  4.1346314e-001  3.1578485e-001  4.8664836e-001
  2.9318072e-001  3.7107339e-001  2.8695091e-001  4.3859206e-001
  2.7196465e-001  3.3926768e-001  2.6470251e-001  4.0140654e-001
  2.5518315e-001  3.1375978e-001  2.4664817e-001  3.7153551e-001
  2.4145020e-001  2.9277700e-001  2.3167119e-001  3.4669085e-001
  2.2988346e-001  2.7490758e-001  2.1900184e-001  3.2550009e-001
  2.1995923e-001  2.5947328e-001  2.0814662e-001  3.0706351e-001
  2.1128725e-001  2.4587994e-001  1.9870919e-001  2.9077161e-001
  2.0362603e-001  2.3380446e-001  1.9040029e-001  2.7620158e-001
  1.9677089e-001  2.2294555e-001  1.8300824e-001  2.6305413e-001
  1.9059522e-001  2.1312244e-001  1.7637335e-001  2.5111328e-001
  1.8497815e-001  2.0416337e-001  1.7037371e-001  2.4021926e-001
  1.7984711e-001  1.9595575e-001  1.6491329e-001  2.3024993e-001
  1.7512418e-001  1.8839288e-001  1.5991520e-001  2.2110783e-001
  1.7076503e-001  1.8139929e-001  1.5531706e-001  2.1271135e-001
  1.6671600e-001  1.7490426e-001  1.5106765e-001  2.0498881e-001
  1.6294871e-001  1.6885454e-001  1.4712449e-001  1.9787482e-001
  1.5942426e-001  1.6320083e-001  1.4345207e-001  1.9130824e-001
  1.5612386e-001  1.5790416e-001  1.4002038e-001  1.8523123e-001
  1.5301818e-001  1.5292875e-001  1.3680389e-001  1.7958904e-001
  1.5009450e-001  1.4824526e-001  1.3378071e-001  1.7433037e-001
