  1.4187737e+000  1.4200212e+000  1.4173996e+000  1.4185682e+000
  1.4184185e+000  1.4205103e+000  1.4177227e+000  1.4191985e+000
  1.4184042e+000  1.4210897e+000  1.4179265e+000  1.4197438e+000
  1.4183233e+000  1.4216316e+000  1.4181662e+000  1.4202340e+000
  1.4183348e+000  1.4221773e+000  1.4183226e+000  1.4208403e+000
  1.4182312e+000  1.4227589e+000  1.4184973e+000  1.4214245e+000
  1.4182835e+000  1.4232890e+000  1.4186689e+000  1.4220242e+000
  1.4182029e+000  1.4238195e+000  1.4188421e+000  1.4226172e+000
  1.4182689e+000  1.4243454e+000  1.4190183e+000  1.4231949e+000
  1.4181983e+000  1.4248708e+000  1.4191949e+000  1.4237447e+000
  1.4182733e+000  1.4253914e+000  1.4193714e+000  1.4242653e+000
  1.4182093e+000  1.4259121e+000  1.4195478e+000  1.4247542e+000
  1.4182892e+000  1.4264292e+000  1.4197244e+000  1.4252135e+000
  1.4182289e+000  1.4269455e+000  1.4199010e+000  1.4256482e+000
  1.4183117e+000  1.4274595e+000  1.4200778e+000  1.4260657e+000
  1.4182537e+000  1.4279726e+000  1.4202546e+000  1.4264750e+000
  1.4183382e+000  1.4284837e+000  1.4204316e+000  1.4268856e+000
  1.4182814e+000  1.4289938e+000  1.4206087e+000  1.4273069e+000
  1.4183669e+000  1.4295022e+000  1.4207858e+000  1.4277468e+000
  1.4183110e+000  1.4300096e+000  1.4209631e+000  1.4282111e+000
  1.4183972e+000  1.4305153e+000  1.4211404e+000  1.4287028e+000
  1.4183417e+000  1.4310199e+000  1.4213179e+000  1.4292221e+000
  1.4184283e+000  1.4315231e+000  1.4214954e+000  1.4297663e+000
  1.4183732e+000  1.4320250e+000  1.4216731e+000  1.4303301e+000
